 -3.0000   -4.6962
   -2.9000   -4.3769
   -2.8000   -4.2333
   -2.7000   -4.4003
   -2.6000   -4.1155
   -2.5000   -3.5752
   -2.4000   -4.1339
   -2.3000   -3.7256
   -2.2000   -3.6406
   -2.1000   -2.8695
   -2.0000   -3.4298
   -1.9000   -3.0190
   -1.8000   -2.5450
   -1.7000   -2.2810
   -1.6000   -2.2902
   -1.5000   -2.2416
   -1.4000   -1.8833
   -1.3000   -1.7179
   -1.2000   -1.8037
   -1.1000   -1.5687
   -1.0000   -0.8901
   -0.9000   -0.6438
   -0.8000   -0.2590
   -0.7000   -0.4002
   -0.6000   -0.3928
   -0.5000   -0.3302
   -0.4000   -0.2512
   -0.3000    0.1258
   -0.2000    0.4670
   -0.1000    0.8678
         0    1.0697
    0.1000    1.4788
    0.2000    1.4902
    0.3000    1.2107
    0.4000    1.9407
    0.5000    1.5720
    0.6000    2.0658
    0.7000    2.1873
    0.8000    2.8414
    0.9000    2.3670
    1.0000    3.2572
    1.1000    2.9407
    1.2000    3.1309
    1.3000    3.1120
    1.4000    3.4325
    1.5000    3.7094
    1.6000    3.9142
    1.7000    4.8058
    1.8000    4.3778
    1.9000    4.3971
    2.0000    5.2828
    2.1000    5.3675
    2.2000    5.5127
    2.3000    5.4438
    2.4000    5.9903
    2.5000    5.7336
    2.6000    6.0080
    2.7000    6.2573
    2.8000    6.3167
    2.9000    6.9773
